{
  "nbformat": 4,
  "nbformat_minor": 0,
  "metadata": {
    "colab": {
      "provenance": [],
      "authorship_tag": "ABX9TyP/zBvzzm3VZYusS4N93RlK",
      "include_colab_link": true
    },
    "kernelspec": {
      "name": "python3",
      "display_name": "Python 3"
    },
    "language_info": {
      "name": "python"
    }
  },
  "cells": [
    {
      "cell_type": "markdown",
      "metadata": {
        "id": "view-in-github",
        "colab_type": "text"
      },
      "source": [
        "<a href=\"https://colab.research.google.com/github/ivanGarciaBernal/python-para-matematicas-2023/blob/main/Ternas_pitagoricas.ipynb\" target=\"_parent\"><img src=\"https://colab.research.google.com/assets/colab-badge.svg\" alt=\"Open In Colab\"/></a>"
      ]
    },
    {
      "cell_type": "markdown",
      "source": [
        "Una terna pitagorica $(x,y,z)$ son aquellos numeros tales que $x^2 + y^2 = z^2$\n",
        "\n",
        "Usando comprensiones intentaremos mostrar todas  ternas pitagoricas tales que\n",
        "$x,y,z\\leq 10^3$"
      ],
      "metadata": {
        "id": "FiQU0SHNOvkE"
      }
    },
    {
      "cell_type": "code",
      "source": [
        "ternas = [[x,y,x**2 + y**2] for x in range(1,10**3 + 1) for y in range(1,10**3 + 1) if x**2 + y**2 <= 1000]\n",
        "print(ternas)\n"
      ],
      "metadata": {
        "colab": {
          "base_uri": "https://localhost:8080/"
        },
        "id": "-CDcU-0HPB9b",
        "outputId": "92dd1405-121d-44ed-c776-8eeff47a4633"
      },
      "execution_count": 9,
      "outputs": [
        {
          "output_type": "stream",
          "name": "stdout",
          "text": [
            "[[1, 1, 2], [1, 2, 5], [1, 3, 10], [1, 4, 17], [1, 5, 26], [1, 6, 37], [1, 7, 50], [1, 8, 65], [1, 9, 82], [1, 10, 101], [1, 11, 122], [1, 12, 145], [1, 13, 170], [1, 14, 197], [1, 15, 226], [1, 16, 257], [1, 17, 290], [1, 18, 325], [1, 19, 362], [1, 20, 401], [1, 21, 442], [1, 22, 485], [1, 23, 530], [1, 24, 577], [1, 25, 626], [1, 26, 677], [1, 27, 730], [1, 28, 785], [1, 29, 842], [1, 30, 901], [1, 31, 962], [2, 1, 5], [2, 2, 8], [2, 3, 13], [2, 4, 20], [2, 5, 29], [2, 6, 40], [2, 7, 53], [2, 8, 68], [2, 9, 85], [2, 10, 104], [2, 11, 125], [2, 12, 148], [2, 13, 173], [2, 14, 200], [2, 15, 229], [2, 16, 260], [2, 17, 293], [2, 18, 328], [2, 19, 365], [2, 20, 404], [2, 21, 445], [2, 22, 488], [2, 23, 533], [2, 24, 580], [2, 25, 629], [2, 26, 680], [2, 27, 733], [2, 28, 788], [2, 29, 845], [2, 30, 904], [2, 31, 965], [3, 1, 10], [3, 2, 13], [3, 3, 18], [3, 4, 25], [3, 5, 34], [3, 6, 45], [3, 7, 58], [3, 8, 73], [3, 9, 90], [3, 10, 109], [3, 11, 130], [3, 12, 153], [3, 13, 178], [3, 14, 205], [3, 15, 234], [3, 16, 265], [3, 17, 298], [3, 18, 333], [3, 19, 370], [3, 20, 409], [3, 21, 450], [3, 22, 493], [3, 23, 538], [3, 24, 585], [3, 25, 634], [3, 26, 685], [3, 27, 738], [3, 28, 793], [3, 29, 850], [3, 30, 909], [3, 31, 970], [4, 1, 17], [4, 2, 20], [4, 3, 25], [4, 4, 32], [4, 5, 41], [4, 6, 52], [4, 7, 65], [4, 8, 80], [4, 9, 97], [4, 10, 116], [4, 11, 137], [4, 12, 160], [4, 13, 185], [4, 14, 212], [4, 15, 241], [4, 16, 272], [4, 17, 305], [4, 18, 340], [4, 19, 377], [4, 20, 416], [4, 21, 457], [4, 22, 500], [4, 23, 545], [4, 24, 592], [4, 25, 641], [4, 26, 692], [4, 27, 745], [4, 28, 800], [4, 29, 857], [4, 30, 916], [4, 31, 977], [5, 1, 26], [5, 2, 29], [5, 3, 34], [5, 4, 41], [5, 5, 50], [5, 6, 61], [5, 7, 74], [5, 8, 89], [5, 9, 106], [5, 10, 125], [5, 11, 146], [5, 12, 169], [5, 13, 194], [5, 14, 221], [5, 15, 250], [5, 16, 281], [5, 17, 314], [5, 18, 349], [5, 19, 386], [5, 20, 425], [5, 21, 466], [5, 22, 509], [5, 23, 554], [5, 24, 601], [5, 25, 650], [5, 26, 701], [5, 27, 754], [5, 28, 809], [5, 29, 866], [5, 30, 925], [5, 31, 986], [6, 1, 37], [6, 2, 40], [6, 3, 45], [6, 4, 52], [6, 5, 61], [6, 6, 72], [6, 7, 85], [6, 8, 100], [6, 9, 117], [6, 10, 136], [6, 11, 157], [6, 12, 180], [6, 13, 205], [6, 14, 232], [6, 15, 261], [6, 16, 292], [6, 17, 325], [6, 18, 360], [6, 19, 397], [6, 20, 436], [6, 21, 477], [6, 22, 520], [6, 23, 565], [6, 24, 612], [6, 25, 661], [6, 26, 712], [6, 27, 765], [6, 28, 820], [6, 29, 877], [6, 30, 936], [6, 31, 997], [7, 1, 50], [7, 2, 53], [7, 3, 58], [7, 4, 65], [7, 5, 74], [7, 6, 85], [7, 7, 98], [7, 8, 113], [7, 9, 130], [7, 10, 149], [7, 11, 170], [7, 12, 193], [7, 13, 218], [7, 14, 245], [7, 15, 274], [7, 16, 305], [7, 17, 338], [7, 18, 373], [7, 19, 410], [7, 20, 449], [7, 21, 490], [7, 22, 533], [7, 23, 578], [7, 24, 625], [7, 25, 674], [7, 26, 725], [7, 27, 778], [7, 28, 833], [7, 29, 890], [7, 30, 949], [8, 1, 65], [8, 2, 68], [8, 3, 73], [8, 4, 80], [8, 5, 89], [8, 6, 100], [8, 7, 113], [8, 8, 128], [8, 9, 145], [8, 10, 164], [8, 11, 185], [8, 12, 208], [8, 13, 233], [8, 14, 260], [8, 15, 289], [8, 16, 320], [8, 17, 353], [8, 18, 388], [8, 19, 425], [8, 20, 464], [8, 21, 505], [8, 22, 548], [8, 23, 593], [8, 24, 640], [8, 25, 689], [8, 26, 740], [8, 27, 793], [8, 28, 848], [8, 29, 905], [8, 30, 964], [9, 1, 82], [9, 2, 85], [9, 3, 90], [9, 4, 97], [9, 5, 106], [9, 6, 117], [9, 7, 130], [9, 8, 145], [9, 9, 162], [9, 10, 181], [9, 11, 202], [9, 12, 225], [9, 13, 250], [9, 14, 277], [9, 15, 306], [9, 16, 337], [9, 17, 370], [9, 18, 405], [9, 19, 442], [9, 20, 481], [9, 21, 522], [9, 22, 565], [9, 23, 610], [9, 24, 657], [9, 25, 706], [9, 26, 757], [9, 27, 810], [9, 28, 865], [9, 29, 922], [9, 30, 981], [10, 1, 101], [10, 2, 104], [10, 3, 109], [10, 4, 116], [10, 5, 125], [10, 6, 136], [10, 7, 149], [10, 8, 164], [10, 9, 181], [10, 10, 200], [10, 11, 221], [10, 12, 244], [10, 13, 269], [10, 14, 296], [10, 15, 325], [10, 16, 356], [10, 17, 389], [10, 18, 424], [10, 19, 461], [10, 20, 500], [10, 21, 541], [10, 22, 584], [10, 23, 629], [10, 24, 676], [10, 25, 725], [10, 26, 776], [10, 27, 829], [10, 28, 884], [10, 29, 941], [10, 30, 1000], [11, 1, 122], [11, 2, 125], [11, 3, 130], [11, 4, 137], [11, 5, 146], [11, 6, 157], [11, 7, 170], [11, 8, 185], [11, 9, 202], [11, 10, 221], [11, 11, 242], [11, 12, 265], [11, 13, 290], [11, 14, 317], [11, 15, 346], [11, 16, 377], [11, 17, 410], [11, 18, 445], [11, 19, 482], [11, 20, 521], [11, 21, 562], [11, 22, 605], [11, 23, 650], [11, 24, 697], [11, 25, 746], [11, 26, 797], [11, 27, 850], [11, 28, 905], [11, 29, 962], [12, 1, 145], [12, 2, 148], [12, 3, 153], [12, 4, 160], [12, 5, 169], [12, 6, 180], [12, 7, 193], [12, 8, 208], [12, 9, 225], [12, 10, 244], [12, 11, 265], [12, 12, 288], [12, 13, 313], [12, 14, 340], [12, 15, 369], [12, 16, 400], [12, 17, 433], [12, 18, 468], [12, 19, 505], [12, 20, 544], [12, 21, 585], [12, 22, 628], [12, 23, 673], [12, 24, 720], [12, 25, 769], [12, 26, 820], [12, 27, 873], [12, 28, 928], [12, 29, 985], [13, 1, 170], [13, 2, 173], [13, 3, 178], [13, 4, 185], [13, 5, 194], [13, 6, 205], [13, 7, 218], [13, 8, 233], [13, 9, 250], [13, 10, 269], [13, 11, 290], [13, 12, 313], [13, 13, 338], [13, 14, 365], [13, 15, 394], [13, 16, 425], [13, 17, 458], [13, 18, 493], [13, 19, 530], [13, 20, 569], [13, 21, 610], [13, 22, 653], [13, 23, 698], [13, 24, 745], [13, 25, 794], [13, 26, 845], [13, 27, 898], [13, 28, 953], [14, 1, 197], [14, 2, 200], [14, 3, 205], [14, 4, 212], [14, 5, 221], [14, 6, 232], [14, 7, 245], [14, 8, 260], [14, 9, 277], [14, 10, 296], [14, 11, 317], [14, 12, 340], [14, 13, 365], [14, 14, 392], [14, 15, 421], [14, 16, 452], [14, 17, 485], [14, 18, 520], [14, 19, 557], [14, 20, 596], [14, 21, 637], [14, 22, 680], [14, 23, 725], [14, 24, 772], [14, 25, 821], [14, 26, 872], [14, 27, 925], [14, 28, 980], [15, 1, 226], [15, 2, 229], [15, 3, 234], [15, 4, 241], [15, 5, 250], [15, 6, 261], [15, 7, 274], [15, 8, 289], [15, 9, 306], [15, 10, 325], [15, 11, 346], [15, 12, 369], [15, 13, 394], [15, 14, 421], [15, 15, 450], [15, 16, 481], [15, 17, 514], [15, 18, 549], [15, 19, 586], [15, 20, 625], [15, 21, 666], [15, 22, 709], [15, 23, 754], [15, 24, 801], [15, 25, 850], [15, 26, 901], [15, 27, 954], [16, 1, 257], [16, 2, 260], [16, 3, 265], [16, 4, 272], [16, 5, 281], [16, 6, 292], [16, 7, 305], [16, 8, 320], [16, 9, 337], [16, 10, 356], [16, 11, 377], [16, 12, 400], [16, 13, 425], [16, 14, 452], [16, 15, 481], [16, 16, 512], [16, 17, 545], [16, 18, 580], [16, 19, 617], [16, 20, 656], [16, 21, 697], [16, 22, 740], [16, 23, 785], [16, 24, 832], [16, 25, 881], [16, 26, 932], [16, 27, 985], [17, 1, 290], [17, 2, 293], [17, 3, 298], [17, 4, 305], [17, 5, 314], [17, 6, 325], [17, 7, 338], [17, 8, 353], [17, 9, 370], [17, 10, 389], [17, 11, 410], [17, 12, 433], [17, 13, 458], [17, 14, 485], [17, 15, 514], [17, 16, 545], [17, 17, 578], [17, 18, 613], [17, 19, 650], [17, 20, 689], [17, 21, 730], [17, 22, 773], [17, 23, 818], [17, 24, 865], [17, 25, 914], [17, 26, 965], [18, 1, 325], [18, 2, 328], [18, 3, 333], [18, 4, 340], [18, 5, 349], [18, 6, 360], [18, 7, 373], [18, 8, 388], [18, 9, 405], [18, 10, 424], [18, 11, 445], [18, 12, 468], [18, 13, 493], [18, 14, 520], [18, 15, 549], [18, 16, 580], [18, 17, 613], [18, 18, 648], [18, 19, 685], [18, 20, 724], [18, 21, 765], [18, 22, 808], [18, 23, 853], [18, 24, 900], [18, 25, 949], [18, 26, 1000], [19, 1, 362], [19, 2, 365], [19, 3, 370], [19, 4, 377], [19, 5, 386], [19, 6, 397], [19, 7, 410], [19, 8, 425], [19, 9, 442], [19, 10, 461], [19, 11, 482], [19, 12, 505], [19, 13, 530], [19, 14, 557], [19, 15, 586], [19, 16, 617], [19, 17, 650], [19, 18, 685], [19, 19, 722], [19, 20, 761], [19, 21, 802], [19, 22, 845], [19, 23, 890], [19, 24, 937], [19, 25, 986], [20, 1, 401], [20, 2, 404], [20, 3, 409], [20, 4, 416], [20, 5, 425], [20, 6, 436], [20, 7, 449], [20, 8, 464], [20, 9, 481], [20, 10, 500], [20, 11, 521], [20, 12, 544], [20, 13, 569], [20, 14, 596], [20, 15, 625], [20, 16, 656], [20, 17, 689], [20, 18, 724], [20, 19, 761], [20, 20, 800], [20, 21, 841], [20, 22, 884], [20, 23, 929], [20, 24, 976], [21, 1, 442], [21, 2, 445], [21, 3, 450], [21, 4, 457], [21, 5, 466], [21, 6, 477], [21, 7, 490], [21, 8, 505], [21, 9, 522], [21, 10, 541], [21, 11, 562], [21, 12, 585], [21, 13, 610], [21, 14, 637], [21, 15, 666], [21, 16, 697], [21, 17, 730], [21, 18, 765], [21, 19, 802], [21, 20, 841], [21, 21, 882], [21, 22, 925], [21, 23, 970], [22, 1, 485], [22, 2, 488], [22, 3, 493], [22, 4, 500], [22, 5, 509], [22, 6, 520], [22, 7, 533], [22, 8, 548], [22, 9, 565], [22, 10, 584], [22, 11, 605], [22, 12, 628], [22, 13, 653], [22, 14, 680], [22, 15, 709], [22, 16, 740], [22, 17, 773], [22, 18, 808], [22, 19, 845], [22, 20, 884], [22, 21, 925], [22, 22, 968], [23, 1, 530], [23, 2, 533], [23, 3, 538], [23, 4, 545], [23, 5, 554], [23, 6, 565], [23, 7, 578], [23, 8, 593], [23, 9, 610], [23, 10, 629], [23, 11, 650], [23, 12, 673], [23, 13, 698], [23, 14, 725], [23, 15, 754], [23, 16, 785], [23, 17, 818], [23, 18, 853], [23, 19, 890], [23, 20, 929], [23, 21, 970], [24, 1, 577], [24, 2, 580], [24, 3, 585], [24, 4, 592], [24, 5, 601], [24, 6, 612], [24, 7, 625], [24, 8, 640], [24, 9, 657], [24, 10, 676], [24, 11, 697], [24, 12, 720], [24, 13, 745], [24, 14, 772], [24, 15, 801], [24, 16, 832], [24, 17, 865], [24, 18, 900], [24, 19, 937], [24, 20, 976], [25, 1, 626], [25, 2, 629], [25, 3, 634], [25, 4, 641], [25, 5, 650], [25, 6, 661], [25, 7, 674], [25, 8, 689], [25, 9, 706], [25, 10, 725], [25, 11, 746], [25, 12, 769], [25, 13, 794], [25, 14, 821], [25, 15, 850], [25, 16, 881], [25, 17, 914], [25, 18, 949], [25, 19, 986], [26, 1, 677], [26, 2, 680], [26, 3, 685], [26, 4, 692], [26, 5, 701], [26, 6, 712], [26, 7, 725], [26, 8, 740], [26, 9, 757], [26, 10, 776], [26, 11, 797], [26, 12, 820], [26, 13, 845], [26, 14, 872], [26, 15, 901], [26, 16, 932], [26, 17, 965], [26, 18, 1000], [27, 1, 730], [27, 2, 733], [27, 3, 738], [27, 4, 745], [27, 5, 754], [27, 6, 765], [27, 7, 778], [27, 8, 793], [27, 9, 810], [27, 10, 829], [27, 11, 850], [27, 12, 873], [27, 13, 898], [27, 14, 925], [27, 15, 954], [27, 16, 985], [28, 1, 785], [28, 2, 788], [28, 3, 793], [28, 4, 800], [28, 5, 809], [28, 6, 820], [28, 7, 833], [28, 8, 848], [28, 9, 865], [28, 10, 884], [28, 11, 905], [28, 12, 928], [28, 13, 953], [28, 14, 980], [29, 1, 842], [29, 2, 845], [29, 3, 850], [29, 4, 857], [29, 5, 866], [29, 6, 877], [29, 7, 890], [29, 8, 905], [29, 9, 922], [29, 10, 941], [29, 11, 962], [29, 12, 985], [30, 1, 901], [30, 2, 904], [30, 3, 909], [30, 4, 916], [30, 5, 925], [30, 6, 936], [30, 7, 949], [30, 8, 964], [30, 9, 981], [30, 10, 1000], [31, 1, 962], [31, 2, 965], [31, 3, 970], [31, 4, 977], [31, 5, 986], [31, 6, 997]],\n"
          ]
        }
      ]
    }
  ]
}